Melhores Parâmetros: {'temperatura_inicial': 871.1780779963024, 'taxa_resfriamento': 0.9989724252823922}
Menor número de conflitos encontrado: 0.03333333333333333

Teste Kruskal-Wallis
Estatística: 267.5761027564836
Valor-p: 7.08149382862801e-32
Diferença estatisticamente significativa entre as configurações.

Resultados de Conflitos por Configuração com Intervalo de Confiança:
 Temperatura  Resfriamento  Media Conflitos  Desvio Padrao                     Intervalo de Confiança                      Conflitos
 3165.561704      0.973177              1.2       0.421637   (0.8983790449527866, 1.5016209550472133) [1, 1, 1, 1, 1, 2, 1, 1, 2, 1]
 3627.251976      0.968522              1.3       0.948683   (0.6213528511437703, 1.9786471488562298) [1, 3, 0, 2, 1, 1, 2, 0, 1, 2]
 3884.671952      0.974264              1.4       0.516398   (1.0305912822016925, 1.7694087177983073) [1, 1, 2, 1, 1, 1, 1, 2, 2, 2]
  548.642174      0.974964              1.4       0.699206   (0.8998182315998704, 1.9001817684001294) [0, 1, 2, 1, 2, 2, 1, 2, 1, 2]
 2439.320491      0.968801              1.8       0.788811     (1.235718862770892, 2.364281137229108) [3, 2, 2, 3, 1, 1, 2, 1, 1, 2]
 4864.772122      0.969412              1.4       0.699206   (0.8998182315998704, 1.9001817684001294) [2, 2, 1, 1, 2, 0, 2, 1, 2, 1]
  897.278181      0.955759              2.2       0.788811   (1.6357188627708918, 2.7642811372291085) [2, 3, 3, 3, 1, 1, 3, 2, 2, 2]
 2765.986474      0.961628              1.8       0.788811     (1.235718862770892, 2.364281137229108) [2, 1, 2, 1, 2, 3, 1, 3, 2, 1]
  755.570584      0.960223              1.7       0.674949   (1.2171708880548862, 2.1828291119451135) [3, 2, 2, 1, 1, 2, 2, 1, 2, 1]
 1573.629664      0.968097              1.6       0.843274   (0.9967580899055736, 2.2032419100944267) [1, 1, 2, 2, 1, 2, 3, 0, 2, 2]
 2885.688291      0.990755              0.6       0.516398   (0.2305912822016925, 0.9694087177983075) [0, 0, 1, 1, 0, 1, 1, 1, 0, 1]
 2932.503730      0.993589              0.5       0.527046  (0.12297380619098347, 0.8770261938090165) [0, 1, 1, 0, 1, 0, 1, 0, 0, 1]
 2175.136588      0.994332              0.8       0.421637   (0.4983790449527868, 1.1016209550472134) [1, 1, 1, 1, 1, 0, 0, 1, 1, 1]
 1976.228494      0.996959              0.2       0.421637 (-0.10162095504721325, 0.5016209550472133) [0, 0, 0, 0, 1, 0, 0, 0, 1, 0]
 1992.378759      0.998378              0.1       0.316228  (-0.1262157162854099, 0.3262157162854099) [0, 0, 0, 1, 0, 0, 0, 0, 0, 0]
 1627.589580      0.984018              1.2       0.421637   (0.8983790449527866, 1.5016209550472133) [1, 1, 1, 1, 2, 2, 1, 1, 1, 1]
 1761.470747      0.998590              0.1       0.316228  (-0.1262157162854099, 0.3262157162854099) [0, 0, 0, 1, 0, 0, 0, 0, 0, 0]
 1328.270687      0.986687              1.2       0.632456   (0.7475685674291801, 1.6524314325708198) [1, 2, 1, 0, 1, 1, 1, 1, 2, 2]
 1170.676499      0.998643              0.2       0.421637 (-0.10162095504721325, 0.5016209550472133) [0, 0, 1, 0, 0, 0, 0, 0, 0, 1]
 1144.362144      0.982238              1.2       0.918937   (0.5426323688474867, 1.8573676311525134) [2, 1, 2, 1, 2, 2, 0, 0, 2, 0]
 2387.198559      0.987552              1.1       0.567646   (0.6939303619463624, 1.5060696380536378) [1, 1, 1, 1, 1, 2, 2, 0, 1, 1]
 1731.780784      0.998438              0.1       0.316228  (-0.1262157162854099, 0.3262157162854099) [0, 0, 0, 0, 0, 0, 1, 0, 0, 0]
 1264.624575      0.998417              0.1       0.316228  (-0.1262157162854099, 0.3262157162854099) [0, 1, 0, 0, 0, 0, 0, 0, 0, 0]
 1923.311798      0.990853              1.0       0.471405   (0.6627775205380115, 1.3372224794619885) [1, 1, 1, 2, 1, 1, 1, 0, 1, 1]
 1037.498540      0.980844              1.1       0.737865     (0.572163328667377, 1.627836671332623) [1, 1, 1, 2, 0, 1, 2, 0, 2, 1]
 1522.536708      0.993441              0.6       0.516398   (0.2305912822016925, 0.9694087177983075) [0, 1, 0, 1, 1, 1, 0, 1, 0, 1]
 2261.352379      0.989778              1.2       0.421637   (0.8983790449527866, 1.5016209550472133) [1, 1, 1, 1, 1, 1, 2, 1, 2, 1]
  576.311155      0.994845              0.5       0.527046  (0.12297380619098347, 0.8770261938090165) [0, 1, 1, 0, 1, 1, 0, 0, 1, 0]
 1936.658823      0.998861              0.3       0.483046 (-0.04555021442218188, 0.6455502144221819) [0, 0, 0, 0, 1, 0, 1, 0, 0, 1]
 3505.323071      0.978377              1.3       0.674949   (0.8171708880548864, 1.7828291119451136) [1, 1, 0, 1, 2, 1, 1, 2, 2, 2]
 2510.200192      0.985691              1.5       0.527046   (1.1229738061909835, 1.8770261938090165) [1, 2, 1, 1, 2, 1, 1, 2, 2, 2]
 1998.393956      0.997013              0.4       0.516398  (0.03059128220169255, 0.7694087177983076) [1, 1, 1, 1, 0, 0, 0, 0, 0, 0]
 1346.603757      0.995528              0.3       0.483046 (-0.04555021442218177, 0.6455502144221817) [1, 0, 1, 0, 0, 1, 0, 0, 0, 0]
 1850.085121      0.991625              0.9       0.316228   (0.6737842837145901, 1.1262157162854098) [1, 1, 1, 1, 1, 1, 0, 1, 1, 1]
 1510.194401      0.998995              0.0       0.000000                                 (0.0, 0.0) [0, 0, 0, 0, 0, 0, 0, 0, 0, 0]
  871.178078      0.998972              0.2       0.421637 (-0.10162095504721325, 0.5016209550472133) [1, 0, 0, 0, 0, 0, 1, 0, 0, 0]
  834.762002      0.989259              0.8       0.788811  (0.23571886277089182, 1.3642811372291082) [2, 2, 0, 0, 1, 0, 1, 1, 0, 1]
  510.231103      0.992898              1.2       0.421637   (0.8983790449527866, 1.5016209550472133) [2, 1, 1, 1, 2, 1, 1, 1, 1, 1]
  981.779521      0.995746              0.6       0.516398   (0.2305912822016925, 0.9694087177983075) [0, 1, 0, 0, 1, 1, 1, 0, 1, 1]
 1493.967747      0.951450              1.8       0.918937   (1.1426323688474866, 2.4573676311525134) [2, 1, 2, 0, 3, 2, 2, 3, 2, 1]
 4507.139711      0.977616              1.4       0.699206   (0.8998182315998704, 1.9001817684001294) [1, 2, 2, 1, 1, 1, 2, 0, 2, 2]
 1198.506114      0.998694              0.3       0.483046 (-0.04555021442218188, 0.6455502144221819) [0, 0, 0, 1, 0, 1, 0, 0, 0, 1]
  733.405691      0.995468              0.4       0.516398  (0.03059128220169255, 0.7694087177983076) [1, 1, 0, 0, 0, 1, 0, 1, 0, 0]
 1076.705463      0.998786              0.0       0.000000                                 (0.0, 0.0) [0, 0, 0, 0, 0, 0, 0, 0, 0, 0]
 1283.700059      0.992242              0.9       0.316228   (0.6737842837145901, 1.1262157162854098) [1, 0, 1, 1, 1, 1, 1, 1, 1, 1]
  778.776685      0.972166              1.4       0.843274   (0.7967580899055734, 2.0032419100944265) [2, 1, 2, 0, 1, 2, 2, 0, 2, 2]
 1473.530169      0.963205              1.7       0.674949   (1.2171708880548862, 2.1828291119451135) [1, 2, 2, 2, 1, 3, 1, 2, 2, 1]
 1178.164326      0.996418              0.1       0.316228  (-0.1262157162854099, 0.3262157162854099) [0, 0, 0, 1, 0, 0, 0, 0, 0, 0]
  965.262399      0.988932              1.1       0.737865     (0.572163328667377, 1.627836671332623) [1, 2, 0, 1, 1, 2, 0, 1, 2, 1]
 2149.916420      0.993285              0.8       0.632456    (0.34756856742918024, 1.25243143257082) [1, 1, 1, 2, 0, 1, 0, 1, 1, 0]