Resultados das 50 Iterações:
Iteração  Conflitos SA   Tempo SA (s)   Conflitos GA4  Tempo GA4 (s)  
1         0              0.080100       1              0.096770       
2         1              0.109369       1              0.092132       
3         1              0.083680       1              0.091829       
4         0              0.083787       0              0.093078       
5         1              0.098166       2              0.171775       
6         0              0.110526       1              0.111167       
7         2              0.114271       0              0.164652       
8         1              0.096879       0              0.108528       
9         0              0.090667       1              0.093596       
10        0              0.076705       1              0.094454       
11        0              0.070481       1              0.092883       
12        0              0.070892       0              0.092664       
13        1              0.081671       1              0.153267       
14        1              0.111390       0              0.090843       
15        0              0.074957       1              0.089795       
16        0              0.002302       0              0.092436       
17        1              0.080395       2              0.100750       
18        0              0.083379       0              0.090366       
19        0              0.073014       0              0.094190       
20        1              0.083719       1              0.096099       
21        1              0.083802       1              0.092097       
22        1              0.083440       1              0.097576       
23        1              0.082272       1              0.124046       
24        1              0.128838       1              0.144584       
25        0              0.066345       1              0.099272       
26        1              0.093199       2              0.092968       
27        1              0.108305       2              0.094538       
28        1              0.082450       1              0.093277       
29        0              0.076838       1              0.090164       
30        1              0.096789       0              0.090725       
31        1              0.080446       1              0.094329       
32        0              0.074369       1              0.091440       
33        0              0.076550       1              0.091911       
34        1              0.086243       1              0.091829       
35        0              0.074167       1              0.090991       
36        1              0.087851       1              0.091383       
37        1              0.080209       0              0.087901       
38        1              0.083538       2              0.107778       
39        1              0.082417       2              0.095634       
40        1              0.083305       1              0.090195       
41        0              0.071689       1              0.090457       
42        1              0.081756       0              0.088227       
43        1              0.083718       0              0.091098       
44        1              0.083770       0              0.092253       
45        1              0.081920       1              0.090157       
46        0              0.074086       1              0.096247       
47        1              0.082119       1              0.091899       
48        1              0.082715       0              0.089334       
49        1              0.083467       0              0.089764       
50        1              0.080402       1              0.089636       

Estatísticas Gerais:
Média de Conflitos (SA): 0.66, Média de Conflitos (GA4): 0.82
Média de Tempo (SA): 0.083867 s, Média de Tempo (GA4): 0.099460 s

Teste Mann-Whitney para Conflitos:
Estatística = 1096.5, p-valor = 0.2225710339338366
Nenhuma diferença significativa para conflitos.

Teste Mann-Whitney para Tempos:
Estatística = 425.0, p-valor = 1.3161531685874093e-08
Diferença estatisticamente significativa para tempos.
