Resultados das Iterações:
Iteração  Conflitos SA   Tempo SA (s)   Conflitos GA4  Tempo GA4 (s)  
1         1              0.074776       1              0.132720       
2         2              0.074157       1              0.126619       
3         1              0.072784       1              0.124202       
4         1              0.074134       1              0.130737       
5         1              0.073366       1              0.130108       
6         1              0.073455       1              0.132740       
7         1              0.073112       1              0.123601       
8         1              0.074537       1              0.123581       
9         1              0.072053       1              0.126361       
10        2              0.071230       1              0.124510       
11        2              0.071833       1              0.124198       
12        1              0.071293       0              0.124304       
13        2              0.071590       1              0.123890       
14        2              0.071851       1              0.123620       
15        1              0.071618       0              0.126214       
16        1              0.071781       2              0.123861       
17        1              0.072127       1              0.130867       
18        3              0.073189       0              0.123318       
19        2              0.072748       2              0.122949       
20        1              0.071993       1              0.124374       
21        1              0.073067       1              0.127412       
22        1              0.073458       1              0.124651       
23        1              0.074454       1              0.126035       
24        1              0.071676       1              0.130488       
25        1              0.071681       1              0.125947       
26        1              0.074604       1              0.125853       
27        0              0.071354       1              0.123773       
28        1              0.074129       2              0.131046       
29        1              0.074462       1              0.124675       
30        2              0.072135       0              0.122653       
31        0              0.069733       1              0.126010       
32        2              0.071196       1              0.123574       
33        1              0.071446       1              0.122794       
34        2              0.073095       0              0.124472       
35        1              0.071262       1              0.121748       
36        0              0.069487       1              0.127080       
37        1              0.072250       0              0.123376       
38        2              0.072109       0              0.123651       
39        1              0.072647       0              0.133832       
40        1              0.075680       1              0.121617       
41        2              0.071836       1              0.124671       
42        1              0.071531       1              0.124062       
43        1              0.071216       0              0.125937       
44        1              0.073559       1              0.128749       
45        1              0.072240       1              0.126352       
46        2              0.072199       1              0.126016       
47        1              0.072670       1              0.126357       
48        1              0.072480       2              0.123574       
49        0              0.067096       0              0.127555       
50        1              0.073617       1              0.130722       

Estatísticas Gerais:
Média de Conflitos (SA): 1.20, Média de Conflitos (GA4): 0.88
Média de Tempo (SA): 0.072440 s, Média de Tempo (GA4): 0.125949 s

Teste Mann-Whitney para Conflitos:
Estatística = 1570.0, p-valor = 0.006901766500942933
Diferença estatisticamente significativa para conflitos.

Teste Mann-Whitney para Tempos:
Estatística = 0.0, p-valor = 7.064478413426748e-18
Diferença estatisticamente significativa para tempos.
